0.000000 1.522873 1.000000
0.344828 2.874880 1.000000
0.689655 3.761643 1.000000
1.034483 4.826669 1.000000
1.379310 4.463420 1.000000
1.724138 4.446599 1.000000
2.068966 5.393493 1.000000
2.413793 6.750842 1.000000
2.758621 7.852695 1.000000
3.103448 8.246451 1.000000
3.448276 9.558862 1.000000
3.793103 9.333003 1.000000
4.137931 8.464528 1.000000
4.482759 9.088740 1.000000
4.827586 11.287894 1.000000
5.172414 11.285573 1.000000
5.517241 12.582035 1.000000
5.862069 12.545574 1.000000
6.206897 13.415231 1.000000
6.551724 13.423212 1.000000
6.896552 15.002597 1.000000
7.241379 15.832503 1.000000
7.586207 15.051558 1.000000
7.931034 17.000189 1.000000
8.275862 17.545844 1.000000
8.620690 17.960066 1.000000
8.965517 17.898879 1.000000
9.310345 20.448851 1.000000
9.655172 20.134282 1.000000
10.000000 20.171478 1.000000
